407
407
408
408
409
409
409
409
409
410
410
410
410
410
411
412
412
412
412
412
413
414
415
415
415
416
416
416
417
417
417
417
417
418
418
418
418
418
418
418
419
419
420
420
420
421
421
421
421
421
421
421
422
422
422
422
422
422
422
423
423
423
423
423
423
424
424
424
424
425
425
425
425
425
425
425
425
426
427
427
427
428
429
429
429
429
429
429
429
429
429
429
429
429
430
430
430
431
431
432
432
432
432
433
433
433
433
433
433
433
434
434
435
435
435
436
436
437
437
437
437
437
438
438
438
439
440
440
440
440
440
441
441
441
441
442
442
442
442
443
444
444
444
444
444
444
444
444
444
444
445
445
446
446
446
446
446
446
446
446
446
446
447
448
448
448
448
448
448
449
449
449
449
449
449
450
450
451
451
451
451
451
451
451
451
451
451
451
451
451
451
451
451
451
451
451
451
452
453
453
454
454
455
455
455
455
455
456
456
456
456
456
456
456
456
456
456
456
456
456
456
456
457
457
457
457
458
458
458
458
458
458
459
459
459
459
459
460
460
460
461
461
462
462
462
463
463
463
463
463
463
464
464
464
465
465
465
465
465
465
465
466
466
466
466
466
466
467
467
467
468
468
468
469
469
469
470
470
470
471
471
471
471
471
471
472
473
473
473
474
474
475
475
475
476
476
476
477
477
477
477
477
477
477
477
477
477
477
478
478
478
479
480
480
480
481
481
481
481
481
482
482
482
482
482
482
483
483
483
484
484
484
484
484
485
485
486
486
486
486
487
487
487
487
487
488
488
488
489
489
489
490
490
490
490
491
492
492
492
493
493
493
494
494
494
494
494
495
495
496
496
496
497
498
498
498
498
499
500
500
501
501
501
501
501
501
501
501
501
501
501
501
502
503
503
503
503
503
503
503
504
504
504
504
505
505
505
506
506
506
507
507
507
507
507
508
508
508
509
509
509
510
510
511
511
511
511
511
512
512
512
513
513
513
513
514
514
514
514
514
515
515
515
515
516
516
516
516
516
517
518
518
519
519
520
520
521
521
521
522
522
522
522
522
522
522
522
522
522
522
522
522
522
522
522
522
522
522
522
522
522
522
522
523
523
523
524
525
526
527
527
527
527
527
527
528
528
528
528
528
528
529
530
530
530
531
531
531
532
532
532
532
532
532
533
533
534
534
535
536
536
536
536
536
536
536
536
536
536
536
536
536
536
537
537
538
538
539
539
539
539
540
540
540
541
541
542
543
543
543
543
543
544
545
545
545
545
545
545
546
547
548
548
549
550
550
550
551
551
552
552
553
553
553
553
553
553
553
554
554
554
554
555
555
555
556
556
556
556
557
557
557
557
558
558
558
558
558
559
559
559
559
559
560
560
560
561
561
561
561
561
561
562
562
562
562
563
563
563
563
564
564
564
564
565
565
565
565
565
565
565
565
566
566
567
567
567
567
567
568
568
568
568
569
569
569
569
569
570
570
570
571
571
571
571
571
572
572
572
572
572
573
573
574
575
576
576
576
576
577
578
578
578
578
578
579
579
579
579
579
580
580
580
580
580
580
581
581
582
582
582
582
582
582
582
583
584
584
584
585
586
586
586
586
586
586
587
587
587
587
588
588
588
589
589
589
589
590
590
590
591
592
593
594
594
595
595
595
595
595
596
597
597
597
597
597
597
597
597
597
598
598
598
598
599
599
599
599
600
601
601
601
602
602
603
603
603
603
603
604
604
604
604
604
604
605
605
605
606
606
606
606
606
606
606
606
607
607
607
607
608
608
608
609
609
610
610
610
611
611
611
611
611
611
611
612
612
612
612
613
613
613
613
613
613
614
614
615
615
615
616
616
616
616
616
617
617
618
618
619
620
620
621
621
622
622
622
622
622
622
623
623
623
623
624
624
624
624
624
624
625
625
625
625
625
625
626
626
626
626
626
626
626
626
627
627
628
628
628
628
628
628
629
630
630
630
630
631
631
631
631
632
632
633
633
634
634
634
634
635
635
636
636
636
636
637
637
637
638
638
639
639
639
639
640
641
641
641
641
641
641
642
642
642
642
642
643
643
644
644
645
646
646
647
647
647
647
647
647
648
649
649
649
649
649
649
650
650
651
652
652
653
654
654
654
655
655
656
656
656
657
657
657
657
657
657
658
658
658
658
658
658
659
659
659
659
659
660
660
660
660
660
660
661
661
662
662
663
663
663
663
664
664
664
664
665
666
666
666
667
667
668
668
668
669
669
669
670
670
670
670
671
671
671
672
672
672
672
673
673
673
674
674
674
674
674
675
675
675
676
677
677
677
678
679
679
679
679
679
679
679
680
680
680
680
680
680
681
681
681
682
682
682
682
682
683
684
685
686
686
686
687
687
687
687
687
687
687
688
688
688
688
688
688
689
690
690
691
691
692
692
692
692
692
693
693
693
694
694
695
695
695
696
696
696
696
696
696
697
697
698
698
698
698
698
698
699
699
699
700
700
700
700
701
702
702
702
703
704
704
705
705
706
706
706
706
706
706
706
707
707
707
707
707
708
708
709
709
709
709
709
709
709
709
709
709
709
709
709
709
709
709
709
709
709
709
709
709
709
709
709
709
709
709
709
709
709
710
710
710
710
710
710
711
711
711
712
712
712
712
712
712
713
713
714
714
714
714
714
715
715
715
715
715
716
716
716
716
716
717
717
717
717
718
718
719
719
719
719
719
719
719
719
720
721
721
721
721
721
721
721
721
722
722
722
722
723
723
723
723
724
724
724
724
725
725
726
727
727
728
728
728
728
728
729
730
730
731
731
731
732
733
733
733
733
733
733
734
734
735
735
736
736
736
737
737
737
737
737
738
738
739
739
739
739
739
739
739
739
739
739
739
739
739
739
739
739
739
739
739
739
739
739
739
739
739
740
740
741
741
741
741
741
742
742
742
742
742
742
742
742
743
743
743
743
743
743
744
744
745
746
746
746
747
748
748
748
748
748
748
749
750
751
751
751
752
752
752
752
752
752
752
752
752
753
753
753
753
754
754
754
754
754
754
754
755
755
755
755
756
756
756
757
757
758
758
758
759
759
759
760
760
761
761
762
762
762
763
763
763
763
764
764
764
764
765
765
765
765
765
765
765
653
519
552
410
671
637
1799
693
759
1550
1550
597
642
549
709
709
1272
593
862
723
1224
712
709
1746
788
679
570
679
709
465
1690
529
597
567
509
567
1584
567
1585
1570
536
536
587
522
599
903
508
536
536
1296
755
659
642
788
1212
504
1213
709
713
788
410
1539
709
448
642
630
597
432
797
537
429
427
501
537
709
425
439
735
425
425
425
709
679
654
709
597
429
536
700
2146
425
739
728
444
736
712
446
446
709
424
630
597
797
953
549
1194
1195
516
709
716
549
537
537
451
626
709
788
709
466
1339
717
597
488
618
410
537
470
1311
468
1312
1311
709
780
662
537
464
545
558
523
759
739
609
480
536
429
709
444
1059
501
480
1020
1021
647
709
1092
1625
680
788
431
430
680
431
736
629
503
423
722
1967
523
549
446
738
410
574
709
456
549
626
1314
692
1315
1316
1317
580
435
1318
1319
469
710
670
1320
1024
548
1321
562
455
1322
709
537
1568
537
778
1619
709
1620
451
537
1751
1837
450
1893
739
698
1894
1873
1895
456
1750
1896
698
709
1897
671
568
671
751
1998
549
709
516
953
411
539
470
468
2002
709
739
731
1019
541
522
788
709
465
1058
537
463
739
537
709
442
558
523
1085
709
709
704
918
1086
417
589
561
756
766
766
561
709
754
754
565
1790
459
1061
1061
451
440
470
459
1578
1578
660
503
523
1841
555
1044
1170
1171
773
675
599
522
587
721
788
709
410
788
517
517
600
517
497
497
2124
709
497
1983
788
709
732
1811
444
444
580
1061
649
1498
618
584
794
1133
1134
612
584
709
602
788
410
574
953
1013
549
505
633
604
625
1300
501
537
1359
430
430
978
1918
742
1919
536
666
536
576
1805
1806
1398
983
709
709
618
797
1416
597
1291
671
588
1291
750
849
537
746
623
675
477
1050
1051
537
537
739
1356
645
501
536
609
439
739
709
1080
638
604
425
444
1058
757
1577
1578
503
1218
1578
1578
523
642
709
642
657
485
1602
1151
995
590
996
574
423
709
410
1013
604
2156
536
717
1555
418
1386
681
636
775
1274
1698
775
523
503
523
953
549
537
537
1680
574
537
709
1680
672
546
546
694
685
709
649
657
410
477
1219
690
407
671
1798
1328
549
1404
1405
420
1155
541
475
733
587
905
1784
675
1090
538
619
980
904
561
1785
665
566
1786
1787
1462
461
1788
599
523
503
1218
1974
585
535
755
659
536
596
903
536
716
997
998
597
797
589
1591
753
753
577
697
697
697
574
2095
1013
709
549
410
601
653
742
429
526
734
419
709
679
536
1057
501
658
666
1849
489
429
444
739
940
1856
522
566
964
709
1982
459
739
1312
1243
461
522
575
604
501
609
501
953
807
503
523
523
503
1605
1261
515
537
451
537
450
709
554
788
410
549
552
523
549
537
1607
709
1608
709
838
788
656
709
550
472
472
1241
709
898
788
899
722
754
581
2089
545
464
442
523
545
537
454
454
1533
1253
1989
1098
537
766
675
1690
1988
466
522
537
451
575
618
516
709
917
516
537
537
1232
982
2079
1566
468
1522
1415
709
1096
2021
522
538
709
739
567
418
739
671
457
671
751
917
537
1875
1307
537
416
679
679
516
410
657
709
549
618
1600
651
709
477
537
537
709
542
1398
1805
1806
490
727
1061
651
410
709
618
719
667
719
709
618
451
626
626
709
516
481
557
731
549
410
1067
423
551
1068
410
620
482
1882
482
525
536
596
1296
755
938
536
599
475
420
522
2107
739
494
660
466
716
528
2122
506
2122
537
1002
709
629
446
537
979
430
430
979
536
1814
739
429
709
1815
1816
439
597
709
971
537
777
1115
587
420
522
475
477
2026
653
533
2072
709
755
596
508
536
536
501
638
1231
712
508
501
709
788
1502
537
1336
537
1188
777
1337
1336
1338
641
875
1015
762
552
1839
552
501
536
709
788
1091
536
935
659
536
903
755
609
1259
1258
1606
482
537
709
613
537
1731
739
1799
759
739
739
846
1234
446
516
446
709
762
641
1486
709
522
583
684
740
648
618
709
574
549
914
651
746
675
496
773
914
516
574
720
709
467
577
486
727
1300
597
1301
580
435
451
516
580
649
618
649
676
739
575
537
1061
1061
423
1593
594
797
432
424
597
714
714
714
537
604
501
485
1684
1206
2020
807
718
1044
707
511
775
1698
774
409
693
671
501
1422
983
758
709
758
1856
607
1014
617
875
1015
762
1058
504
410
504
410
1073
537
773
675
1727
739
739
1092
446
788
709
680
410
1044
1839
2021
709
516
1071
410
766
561
709
537
537
407
537
953
429
865
689
788
709
554
721
516
504
657
709
709
1058
658
709
536
537
739
755
689
755
1631
1632
687
471
1142
1967
589
523
537
430
537
537
429
1110
434
537
958
537
537
1424
522
536
536
489
1445
709
668
1421
1422
1132
816
1154
651
537
451
618
519
1799
759
515
799
503
523
709
728
673
537
501
609
903
632
561
773
522
627
807
808
635
708
429
709
570
416
739
536
679
446
1092
446
647
709
446
1386
1853
510
618
1387
667
709
1289
745
620
516
714
712
687
1260
1200
686
1200
754
1260
660
709
1694
1832
1062
1832
1833
659
518
1219
773
675
451
618
1060
1959
1060
637
759
409
515
722
709
1034
737
1302
1303
537
1304
1075
1074
531
531
709
698
739
456
739
456
1181
788
709
709
429
700
739
653
1107
709
788
1410
918
709
713
709
596
934
536
536
755
935
609
915
410
788
635
709
678
1334
728
2046
439
679
721
700
597
429
673
657
501
658
536
709
1058
739
456
516
1621
444
698
425
613
597
571
463
563
1710
567
433
721
1289
1887
451
1348
618
537
501
689
689
430
686
604
714
1043
414
705
709
631
712
631
686
631
591
537
1013
1510
953
908
753
528
589
908
709
410
657
509
634
634
579
579
579
667
1817
1321
709
1265
537
2142
476
657
1718
709
709
657
709
557
1142
694
448
709
1267
412
593
805
503
806
537
761
1986
709
577
537
673
728
709
739
429
485
709
788
460
739
581
479
522
904
1784
1762
1762
1786
536
1660
426
513
447
430
537
695
695
1330
709
695
410
549
698
728
499
444
501
1528
658
463
1529
700
429
499
698
597
613
709
679
1530
646
456
615
739
567
536
567
694
621
1397
549
410
551
709
1114
534
429
534
523
534
488
429
575
1540
542
709
1541
410
1201
671
683
675
496
623
653
569
818
569
1214
569
537
485
494
568
457
671
661
537
661
1532
434
661
434
1235
1533
2085
2085
2086
716
410
557
788
657
687
709
927
536
1388
659
536
561
766
466
1644
502
537
709
709
443
614
671
788
709
1986
725
607
617
641
1132
709
1871
574
1297
1297
1125
931
1536
537
1537
1238
1536
1538
1538
